100
190.00000 2.00000 380.00000
362.00000 2.00000 724.00000
236.0 1.0 179.0
491.86896 1.24294 1913.54815
493.17662 1.17797 1924.62049
490.88132 1.23512 1998.09415
493.84219 1.33652 1917.77233
35.0 1.0 1172.0
54.0 2.0 474.0
439.52 1.2909 479.89
16.09566 1.72578 410.69178
123.2 1.0 744.0
101.53615 3.33103 1937.06964
447.00000 1.00000 472.00000
32.17585 3.54974 1281.46984
495.00001 1.29814 1908.98822
1.01414 3.83991 1999.01874
350.11054 2.85276 631.66910
497.28877 1.04112 1968.96614
404.0 1.0 1492.0
491.49639 1.22273 1990.13964
491.20641 1.19027 1956.46275
32.00000 2.00000 64.00000
1.08613 3.63927 1999.58251
1.00 1.70 1542.36983
494.97885 1.36673 1914.08474
490.92546 1.40867 1914.74322
235.94298 3.80588 59.68734
496.96803 1.23524 1989.34815
498.25110 1.45365 1966.72627
229.11 2.904 503.23734
201.53313 3.32604 1902.7416
497.23772 1.46702 1987.21948
83.0 1.010 406.36
40.55962 3.77330 466.82758
500.000 2.0 128.99
498.70762 1.20101 1985.18511
496.01875 1.43507 1900.03054
494.24104 1.00235 1910.84594
496.56383 1.03309 1964.42280
490.38658 1.44349 1940.09978
499.00000 4.00000 536.00000
407.89052 1.59812 1564.76114
497.35526 1.06390 1956.74825
69.0 1.0 1910.0
174.44750 3.23198 910.51197
397.0 1.094 82.74
105.0 2.6280 654.28
493.35268 1.28758 1985.20753
1.06923 3.18307 1999.19375
239.0 2.0 613.0
497.85126 1.15218 1989.60977
379.0 2.0 1857.0
493.0 1.0 1066.0
404.2425 2.0 623.28476
208.61465 1.28019 1257.38755
498.51373 1.27166 1926.99674
296.30671 1.61493 1778.40843
41.19386 1.78553 1760.46402
354.93907 2.62417 627.39785
320.12772 1.70499 263.69216
42.6 1.82909 787.65
149.68238 2.97112 842.90814
372.00000 4.00000 386.00000
492.38919 1.49085 1930.41465
491.65913 1.16205 1996.22831
50.0 3.0 747.0
378.38450 2.92561 1184.65080
271.40824 1.0 1857.050
34.0 2.0 1003.0
66.4281 3.2662 1522.4
1.17783 3.68588 2.47780
495.73080 1.35189 1974.09527
23.0 2.0 1893.0
467.0 3.0 829.0
495.30295 1.29945 1928.73315
147.918 4.0000 1766.0
1.09099 3.10254 1999.08837
493.56691 1.01331 1992.84434
293.201 2.1532 1550.24347
495.38967 1.47688 1918.93269
310.62 1.46377 2000.0
241.53172 2.87547 1960.66566
491.35934 1.09522 1910.20820
493.39632 1.42849 1943.65638
495.59978 1.11183 1901.50721
294.00000 2.00000 313.00000
333.0 2.34 62.17920
413.10960 3.37693 1223.39499
171.54582 1.22882 20.45226
163.0 4.0 193.0
493.86203 1.47467 1905.64054
498.18496 1.46634 1953.76760
494.87615 1.44277 1940.09349
401.9353 1.449 1.00
258.473 1.9828 611.3
436.00000 2.00000 872.00000
409.92403 2.39855 1999.56074
298.94366 3.93907 1249.75461
498.76537 1.42698 1945.33483
